180
0	250.000000	0.000000
1	249.000000	8.000000
2	249.000000	17.000000
3	248.000000	26.000000
4	247.000000	34.000000
5	246.000000	43.000000
6	244.000000	51.000000
7	242.000000	60.000000
8	240.000000	68.000000
9	237.000000	77.000000
10	234.000000	85.000000
11	231.000000	93.000000
12	228.000000	101.000000
13	224.000000	109.000000
14	220.000000	117.000000
15	216.000000	124.000000
16	212.000000	132.000000
17	207.000000	139.000000
18	202.000000	146.000000
19	197.000000	153.000000
20	191.000000	160.000000
21	185.000000	167.000000
22	179.000000	173.000000
23	173.000000	179.000000
24	167.000000	185.000000
25	160.000000	191.000000
26	153.000000	197.000000
27	146.000000	202.000000
28	139.000000	207.000000
29	132.000000	212.000000
30	125.000000	216.000000
31	117.000000	220.000000
32	109.000000	224.000000
33	101.000000	228.000000
34	93.000000	231.000000
35	85.000000	234.000000
36	77.000000	237.000000
37	68.000000	240.000000
38	60.000000	242.000000
39	51.000000	244.000000
40	43.000000	246.000000
41	34.000000	247.000000
42	26.000000	248.000000
43	17.000000	249.000000
44	8.000000	249.000000
45	0.000000	250.000000
46	-8.000000	249.000000
47	-17.000000	249.000000
48	-26.000000	248.000000
49	-34.000000	247.000000
50	-43.000000	246.000000
51	-51.000000	244.000000
52	-60.000000	242.000000
53	-68.000000	240.000000
54	-77.000000	237.000000
55	-85.000000	234.000000
56	-93.000000	231.000000
57	-101.000000	228.000000
58	-109.000000	224.000000
59	-117.000000	220.000000
60	-124.000000	216.000000
61	-132.000000	212.000000
62	-139.000000	207.000000
63	-146.000000	202.000000
64	-153.000000	197.000000
65	-160.000000	191.000000
66	-167.000000	185.000000
67	-173.000000	179.000000
68	-179.000000	173.000000
69	-185.000000	167.000000
70	-191.000000	160.000000
71	-197.000000	153.000000
72	-202.000000	146.000000
73	-207.000000	139.000000
74	-212.000000	132.000000
75	-216.000000	124.000000
76	-220.000000	117.000000
77	-224.000000	109.000000
78	-228.000000	101.000000
79	-231.000000	93.000000
80	-234.000000	85.000000
81	-237.000000	77.000000
82	-240.000000	68.000000
83	-242.000000	60.000000
84	-244.000000	51.000000
85	-246.000000	43.000000
86	-247.000000	34.000000
87	-248.000000	26.000000
88	-249.000000	17.000000
89	-249.000000	8.000000
90	-250.000000	0.000000
91	-249.000000	-8.000000
92	-249.000000	-17.000000
93	-248.000000	-26.000000
94	-247.000000	-34.000000
95	-246.000000	-43.000000
96	-244.000000	-51.000000
97	-242.000000	-60.000000
98	-240.000000	-68.000000
99	-237.000000	-77.000000
100	-234.000000	-85.000000
101	-231.000000	-93.000000
102	-228.000000	-101.000000
103	-224.000000	-109.000000
104	-220.000000	-117.000000
105	-216.000000	-125.000000
106	-212.000000	-132.000000
107	-207.000000	-139.000000
108	-202.000000	-146.000000
109	-197.000000	-153.000000
110	-191.000000	-160.000000
111	-185.000000	-167.000000
112	-179.000000	-173.000000
113	-173.000000	-179.000000
114	-167.000000	-185.000000
115	-160.000000	-191.000000
116	-153.000000	-197.000000
117	-146.000000	-202.000000
118	-139.000000	-207.000000
119	-132.000000	-212.000000
120	-125.000000	-216.000000
121	-117.000000	-220.000000
122	-109.000000	-224.000000
123	-101.000000	-228.000000
124	-93.000000	-231.000000
125	-85.000000	-234.000000
126	-77.000000	-237.000000
127	-68.000000	-240.000000
128	-60.000000	-242.000000
129	-51.000000	-244.000000
130	-43.000000	-246.000000
131	-34.000000	-247.000000
132	-26.000000	-248.000000
133	-17.000000	-249.000000
134	-8.000000	-249.000000
135	0.000000	-250.000000
136	8.000000	-249.000000
137	17.000000	-249.000000
138	26.000000	-248.000000
139	34.000000	-247.000000
140	43.000000	-246.000000
141	51.000000	-244.000000
142	60.000000	-242.000000
143	68.000000	-240.000000
144	77.000000	-237.000000
145	85.000000	-234.000000
146	93.000000	-231.000000
147	101.000000	-228.000000
148	109.000000	-224.000000
149	117.000000	-220.000000
150	125.000000	-216.000000
151	132.000000	-212.000000
152	139.000000	-207.000000
153	146.000000	-202.000000
154	153.000000	-197.000000
155	160.000000	-191.000000
156	167.000000	-185.000000
157	173.000000	-179.000000
158	179.000000	-173.000000
159	185.000000	-167.000000
160	191.000000	-160.000000
161	197.000000	-153.000000
162	202.000000	-146.000000
163	207.000000	-139.000000
164	212.000000	-132.000000
165	216.000000	-125.000000
166	220.000000	-117.000000
167	224.000000	-109.000000
168	228.000000	-101.000000
169	231.000000	-93.000000
170	234.000000	-85.000000
171	237.000000	-77.000000
172	240.000000	-68.000000
173	242.000000	-60.000000
174	244.000000	-51.000000
175	246.000000	-43.000000
176	247.000000	-34.000000
177	248.000000	-26.000000
178	249.000000	-17.000000
179	249.000000	-8.000000

0	3	7
0	5	15
0	7	3
0	8	2
0	55	1
0	56	1
0	57	1
0	58	1
0	66	1
0	67	1
0	68	1
0	70	1
0	72	1
0	73	1
0	74	1
0	75	1
0	76	1
0	80	1
0	81	2
0	82	2
0	83	2
0	84	1
0	85	1
0	86	1
0	87	1
0	99	1
0	103	1
0	104	1
0	105	1
0	106	1
0	109	1
0	114	1
0	119	1
0	120	1
0	121	1
0	122	1
0	123	1
0	124	1
0	173	4
0	175	5
0	177	4
1	4	6
1	6	3
1	10	1
1	11	1
1	14	1
1	56	1
1	57	1
1	58	1
1	63	1
1	65	1
1	66	1
1	67	1
1	68	1
1	69	1
1	70	1
1	71	1
1	72	1
1	73	1
1	74	1
1	75	1
1	76	1
1	77	1
1	82	1
1	83	2
1	84	1
1	85	1
1	86	2
1	87	2
1	88	1
1	97	1
1	98	1
1	99	1
1	100	1
1	105	1
1	106	1
1	107	1
1	108	1
1	109	1
1	114	1
1	115	1
1	116	1
1	117	1
1	118	1
1	119	1
1	120	1
1	121	1
1	122	1
1	123	1
1	124	1
1	127	1
1	169	1
1	170	1
1	171	1
1	173	2
1	174	3
1	175	1
1	177	13
2	4	15
2	5	15
2	59	1
2	65	1
2	67	1
2	68	1
2	69	1
2	70	1
2	72	1
2	73	1
2	74	1
2	75	1
2	77	1
2	78	1
2	79	1
2	81	1
2	84	1
2	85	1
2	86	1
2	87	2
2	88	2
2	89	1
2	90	1
2	99	1
2	100	1
2	102	1
2	103	1
2	108	1
2	110	1
2	112	1
2	116	1
2	119	1
2	120	1
2	121	1
2	122	1
2	124	1
2	125	1
2	173	1
2	174	3
2	175	3
2	176	5
2	178	15
3	7	9
3	9	2
3	13	1
3	14	1
3	55	1
3	67	1
3	68	1
3	69	1
3	70	1
3	71	1
3	72	1
3	73	1
3	74	1
3	75	1
3	76	1
3	77	1
3	78	1
3	79	1
3	80	1
3	81	1
3	82	1
3	87	2
3	88	2
3	89	1
3	90	1
3	91	1
3	102	1
3	103	1
3	104	1
3	105	1
3	110	1
3	111	1
3	116	1
3	117	1
3	118	1
3	119	1
3	120	1
3	121	1
3	122	1
3	123	1
3	124	1
3	125	1
3	130	1
3	171	1
3	173	1
3	178	6
3	179	15
4	6	4
4	8	7
4	10	2
4	13	2
4	56	1
4	66	1
4	67	1
4	69	1
4	70	1
4	71	1
4	72	1
4	73	1
4	74	1
4	75	1
4	76	1
4	77	1
4	78	1
4	79	1
4	80	1
4	82	1
4	83	1
4	84	1
4	88	1
4	89	2
4	90	1
4	91	1
4	92	1
4	104	1
4	105	1
4	106	1
4	107	1
4	111	1
4	112	1
4	114	1
4	117	1
4	118	1
4	119	1
4	120	2
4	122	1
4	123	1
4	124	1
4	173	2
4	174	1
4	178	2
4	179	3
5	8	15
5	9	2
5	12	2
5	14	2
5	15	1
5	58	1
5	70	1
5	71	1
5	73	1
5	74	1
5	76	1
5	77	1
5	78	1
5	79	1
5	80	1
5	81	1
5	82	1
5	83	1
5	84	1
5	85	1
5	90	1
5	91	1
5	92	1
5	93	1
5	94	1
5	95	1
5	105	1
5	106	1
5	107	1
5	108	1
5	109	1
5	110	1
5	118	1
5	119	1
5	120	1
5	122	1
5	123	2
5	124	1
5	126	1
5	177	3
6	8	15
6	13	3
6	16	1
6	58	1
6	70	1
6	73	1
6	74	1
6	76	1
6	77	1
6	78	1
6	79	1
6	80	1
6	81	1
6	82	1
6	84	1
6	85	1
6	86	1
6	88	1
6	93	1
6	94	1
6	95	1
6	96	1
6	97	1
6	107	1
6	108	1
6	109	1
6	110	1
6	111	1
6	119	1
6	120	2
6	121	1
6	122	1
6	123	2
6	124	1
6	125	1
6	127	1
6	129	1
6	176	1
6	178	1
6	179	2
7	9	10
7	11	5
7	12	2
7	15	2
7	60	1
7	70	2
7	72	1
7	74	1
7	75	1
7	77	1
7	78	1
7	79	1
7	80	1
7	81	1
7	82	1
7	83	1
7	84	1
7	85	1
7	86	1
7	87	1
7	88	1
7	89	2
7	90	1
7	96	1
7	97	1
7	98	1
7	99	1
7	100	1
7	102	1
7	109	1
7	110	1
7	111	1
7	112	1
7	113	1
7	114	1
7	119	1
7	120	1
7	121	2
7	122	1
7	123	1
7	124	2
7	125	1
7	126	1
7	138	1
7	139	1
7	178	2
8	10	1
8	11	15
8	14	1
8	70	1
8	71	1
8	74	1
8	77	1
8	78	1
8	79	1
8	80	1
8	81	1
8	82	1
8	83	1
8	84	1
8	86	1
8	87	1
8	89	1
8	90	2
8	91	2
8	92	1
8	97	1
8	98	1
8	99	1
8	100	1
8	101	1
8	102	1
8	103	1
8	111	1
8	112	1
8	113	1
8	114	1
8	115	1
8	120	1
8	121	1
8	122	1
8	123	1
8	124	2
8	125	1
8	126	1
8	127	1
8	130	1
8	131	1
8	178	1
9	12	15
9	13	15
9	14	9
9	15	1
9	71	1
9	76	1
9	78	1
9	80	1
9	81	1
9	82	1
9	83	1
9	84	1
9	85	1
9	86	1
9	87	1
9	90	1
9	91	2
9	92	1
9	93	1
9	99	1
9	100	1
9	101	1
9	102	1
9	103	1
9	104	1
9	105	1
9	113	1
9	114	1
9	115	1
9	116	1
9	120	1
9	121	1
9	123	1
9	124	1
9	125	2
9	126	1
9	127	1
9	128	1
9	130	1
10	12	15
10	13	10
10	75	1
10	79	1
10	80	1
10	81	1
10	82	1
10	83	1
10	84	1
10	85	1
10	86	1
10	87	1
10	88	1
10	90	1
10	91	1
10	92	2
10	93	1
10	94	1
10	95	1
10	102	1
10	103	1
10	104	2
10	105	1
10	106	1
10	115	1
10	116	1
10	117	1
10	118	1
10	119	1
10	121	1
10	123	1
10	124	1
10	125	1
10	126	1
10	127	1
10	128	1
10	129	1
10	131	1
11	13	9
11	16	15
11	19	1
11	22	1
11	24	1
11	27	1
11	61	1
11	75	1
11	77	1
11	78	1
11	79	1
11	80	1
11	81	1
11	82	1
11	83	1
11	84	1
11	86	1
11	87	1
11	88	1
11	91	1
11	92	1
11	93	1
11	94	1
11	96	1
11	103	1
11	104	1
11	105	1
11	106	1
11	107	2
11	108	1
11	109	1
11	116	1
11	117	1
11	118	1
11	119	1
11	120	2
11	121	2
11	124	1
11	126	1
11	127	1
11	128	1
11	129	1
11	130	1
11	131	1
11	132	1
11	133	1
11	134	1
11	179	1
12	14	15
12	15	15
12	16	15
12	18	1
12	19	4
12	20	2
12	23	1
12	24	1
12	25	1
12	30	1
12	62	1
12	67	1
12	78	1
12	79	1
12	80	1
12	81	1
12	82	1
12	83	1
12	84	1
12	85	1
12	86	1
12	87	1
12	88	1
12	89	1
12	91	1
12	92	1
12	93	1
12	94	1
12	99	1
12	104	1
12	105	1
12	106	1
12	107	1
12	108	1
12	109	2
12	110	1
12	119	1
12	120	2
12	121	2
12	122	1
12	127	1
12	129	1
12	132	1
12	133	1
12	134	1
12	135	1
13	17	6
13	18	9
13	22	1
13	23	1
13	63	1
13	79	1
13	80	1
13	81	1
13	82	1
13	83	1
13	84	1
13	85	1
13	86	1
13	87	1
13	88	1
13	89	1
13	90	1
13	92	1
13	93	1
13	94	1
13	95	1
13	99	1
13	100	1
13	106	1
13	107	1
13	108	2
13	109	1
13	110	2
13	111	1
13	120	1
13	121	2
13	122	2
13	123	2
13	124	2
13	125	1
13	127	1
13	128	1
13	129	1
13	131	1
13	132	1
13	133	1
13	134	1
13	135	1
14	17	5
14	19	1
14	22	2
14	23	1
14	64	1
14	65	1
14	80	1
14	81	1
14	82	1
14	83	1
14	84	1
14	85	1
14	86	1
14	87	1
14	88	1
14	89	1
14	90	1
14	92	1
14	93	1
14	94	1
14	95	1
14	100	1
14	101	1
14	108	1
14	109	1
14	110	1
14	111	2
14	112	1
14	113	1
14	121	1
14	122	2
14	123	1
14	124	2
14	125	2
14	126	1
14	130	1
14	132	1
14	133	1
14	134	1
14	135	1
14	136	1
14	179	1
15	17	2
15	21	4
15	23	1
15	25	1
15	27	1
15	65	1
15	66	1
15	80	1
15	81	1
15	84	1
15	85	1
15	86	1
15	87	1
15	88	1
15	89	1
15	90	1
15	91	1
15	93	1
15	94	1
15	95	1
15	101	1
15	103	1
15	110	1
15	111	2
15	112	1
15	113	1
15	114	1
15	121	1
15	122	1
15	123	1
15	124	2
15	125	2
15	126	2
15	127	1
15	128	1
15	132	1
15	133	1
15	134	1
15	136	1
15	179	1
16	18	1
16	19	15
16	20	1
16	23	2
16	24	1
16	68	1
16	82	1
16	83	1
16	84	1
16	85	1
16	88	1
16	89	1
16	90	1
16	91	2
16	92	1
16	93	1
16	94	1
16	95	1
16	102	1
16	105	1
16	106	1
16	107	1
16	112	1
16	113	1
16	114	1
16	115	1
16	116	1
16	121	1
16	122	1
16	123	1
16	125	1
16	126	2
16	127	2
16	128	1
16	129	1
16	134	1
16	135	1
16	136	1
16	137	1
17	21	3
17	22	4
17	23	4
17	31	1
17	70	1
17	71	1
17	77	1
17	83	1
17	85	1
17	86	1
17	87	1
17	89	1
17	90	1
17	91	1
17	92	1
17	94	1
17	95	1
17	96	1
17	102	1
17	106	1
17	107	1
17	108	1
17	109	1
17	113	1
17	114	2
17	115	2
17	116	1
17	117	1
17	122	1
17	125	1
17	126	1
17	127	2
17	128	2
17	129	2
17	130	1
17	134	1
17	135	1
17	136	1
17	137	1
17	139	1
18	20	1
18	21	3
18	22	4
18	24	2
18	28	1
18	32	1
18	83	1
18	84	1
18	86	1
18	87	1
18	88	1
18	89	1
18	90	1
18	91	2
18	92	2
18	93	1
18	94	1
18	95	2
18	96	1
18	103	1
18	106	1
18	107	1
18	109	1
18	110	1
18	111	1
18	115	1
18	116	2
18	117	1
18	118	1
18	119	1
18	122	1
18	124	1
18	125	1
18	126	1
18	128	2
18	129	2
18	130	2
18	131	2
18	132	1
18	136	1
18	137	1
18	139	1
18	140	1
18	156	1
19	21	15
19	22	9
19	26	11
19	84	1
19	86	1
19	87	1
19	88	1
19	89	1
19	90	1
19	91	1
19	92	1
19	93	1
19	95	2
19	96	1
19	97	1
19	103	1
19	108	1
19	109	1
19	110	1
19	111	1
19	112	1
19	113	1
19	116	1
19	117	1
19	118	1
19	119	1
19	120	1
19	121	1
19	122	1
19	126	1
19	127	1
19	128	1
19	129	1
19	130	1
19	131	2
19	132	2
19	133	1
19	137	1
19	138	1
19	142	1
19	148	1
19	149	1
19	157	1
20	22	5
20	25	15
20	29	1
20	30	1
20	34	1
20	35	1
20	38	1
20	65	1
20	66	1
20	84	1
20	85	1
20	86	1
20	87	1
20	88	1
20	92	1
20	93	1
20	94	1
20	95	1
20	96	2
20	97	1
20	98	1
20	104	1
20	107	1
20	111	1
20	112	1
20	113	1
20	114	1
20	118	1
20	121	1
20	122	2
20	123	1
20	126	1
20	127	1
20	129	1
20	130	1
20	131	1
20	132	1
20	133	2
20	134	2
20	141	1
20	142	1
20	150	1
20	158	1
21	23	10
21	24	15
21	27	1
21	29	2
21	33	1
21	34	1
21	88	1
21	89	1
21	90	1
21	91	2
21	92	2
21	93	2
21	94	2
21	95	1
21	96	2
21	97	2
21	98	2
21	99	1
21	104	1
21	105	1
21	108	1
21	109	1
21	110	1
21	111	1
21	112	1
21	113	1
21	114	1
21	115	1
21	121	1
21	122	2
21	123	1
21	124	1
21	127	1
21	128	1
21	130	1
21	132	1
21	133	1
21	134	2
21	135	2
21	136	1
21	143	1
21	152	1
21	158	1
21	159	2
22	24	3
22	26	4
22	28	4
22	29	1
22	30	2
22	31	2
22	32	1
22	70	1
22	78	1
22	79	1
22	87	1
22	88	1
22	89	1
22	92	1
22	93	1
22	94	2
22	95	1
22	96	1
22	97	2
22	98	2
22	99	1
22	100	1
22	105	1
22	110	1
22	111	1
22	112	1
22	113	1
22	114	1
22	115	1
22	116	1
22	117	1
22	122	1
22	123	1
22	124	1
22	125	1
22	126	2
22	128	1
22	130	1
22	134	1
22	135	1
22	136	2
22	137	2
22	138	1
22	151	1
22	152	1
22	154	1
22	159	1
22	160	1
23	25	10
23	26	2
23	27	5
23	28	5
23	29	1
23	34	1
23	35	1
23	69	1
23	70	1
23	71	1
23	72	1
23	73	1
23	79	1
23	86	1
23	87	1
23	88	1
23	89	2
23	90	1
23	91	1
23	92	1
23	93	1
23	94	1
23	95	1
23	96	1
23	97	2
23	98	2
23	99	2
23	100	1
23	101	1
23	102	1
23	106	1
23	111	1
23	112	1
23	113	1
23	114	1
23	115	1
23	116	1
23	117	1
23	118	1
23	119	1
23	123	1
23	124	1
23	125	1
23	126	1
23	127	2
23	128	1
23	131	1
23	135	1
23	136	1
23	137	2
23	138	2
23	153	1
23	154	1
23	159	1
23	160	1
24	26	15
24	27	1
24	28	6
24	34	1
24	72	1
24	86	1
24	91	1
24	93	1
24	94	1
24	95	2
24	96	2
24	97	1
24	98	2
24	99	1
24	100	1
24	101	1
24	102	1
24	103	1
24	104	1
24	111	1
24	113	1
24	114	1
24	115	1
24	116	1
24	117	1
24	118	1
24	119	1
24	120	2
24	121	1
24	123	1
24	125	1
24	126	1
24	127	2
24	128	2
24	129	1
24	131	1
24	136	1
24	137	1
24	138	2
24	139	2
24	145	1
24	154	1
24	155	1
24	158	1
24	159	1
25	27	5
25	30	5
25	33	2
25	95	1
25	96	2
25	97	1
25	98	2
25	99	2
25	100	2
25	101	1
25	102	1
25	103	1
25	105	1
25	106	1
25	107	1
25	114	1
25	115	1
25	116	1
25	117	1
25	118	1
25	119	1
25	120	1
25	121	1
25	122	1
25	123	2
25	126	1
25	127	2
25	128	2
25	129	2
25	130	2
25	131	1
25	138	2
25	139	2
25	140	2
25	141	1
25	142	1
25	146	1
25	147	1
25	154	1
25	155	1
25	156	1
25	157	1
25	158	1
25	159	1
25	160	1
26	28	5
26	29	15
26	33	2
26	34	2
26	91	1
26	92	1
26	93	1
26	96	1
26	97	1
26	99	1
26	100	1
26	101	1
26	102	1
26	105	1
26	108	1
26	113	1
26	114	1
26	115	1
26	116	1
26	117	1
26	118	1
26	119	1
26	120	1
26	121	1
26	122	1
26	123	2
26	124	1
26	127	1
26	128	1
26	129	2
26	130	2
26	131	2
26	132	1
26	138	1
26	139	1
26	140	1
26	141	1
26	142	1
26	143	1
26	147	1
26	155	1
26	156	1
26	157	1
26	158	1
26	159	1
26	160	1
26	161	1
27	30	2
27	32	7
27	33	2
27	38	1
27	93	1
27	96	1
27	97	2
27	98	1
27	99	1
27	100	2
27	101	1
27	102	1
27	107	1
27	108	1
27	109	1
27	112	1
27	113	1
27	114	1
27	115	1
27	116	1
27	117	1
27	118	1
27	119	1
27	120	1
27	121	1
27	122	1
27	123	1
27	124	1
27	125	1
27	129	2
27	130	1
27	131	2
27	132	2
27	133	2
27	140	1
27	141	1
27	142	2
27	143	1
27	157	1
27	158	1
27	159	1
27	160	1
27	161	1
27	162	1
28	30	3
28	31	4
28	32	7
28	35	1
28	38	1
28	97	1
28	98	1
28	100	2
28	101	1
28	102	1
28	103	1
28	109	1
28	113	1
28	115	1
28	116	1
28	117	1
28	118	1
28	119	1
28	120	1
28	121	1
28	122	1
28	123	2
28	124	1
28	125	1
28	126	1
28	127	1
28	129	1
28	130	2
28	131	2
28	132	2
28	133	2
28	134	1
28	141	1
28	142	1
28	143	2
28	144	1
28	149	1
28	158	1
28	159	1
28	160	1
28	161	1
29	33	15
29	34	7
29	36	2
29	38	1
29	39	1
29	96	1
29	98	1
29	99	1
29	100	1
29	101	2
29	102	1
29	103	1
29	104	1
29	110	1
29	115	1
29	117	1
29	118	1
29	119	1
29	120	1
29	121	1
29	122	1
29	123	2
29	124	1
29	125	1
29	126	1
29	127	1
29	128	1
29	129	1
29	131	1
29	132	2
29	133	2
29	134	1
29	135	1
29	136	1
29	137	1
29	142	1
29	143	1
29	144	1
29	150	1
29	159	1
29	160	1
29	161	1
29	162	1
30	33	13
30	34	1
30	35	5
30	37	2
30	38	2
30	39	1
30	99	1
30	101	2
30	102	1
30	103	1
30	104	1
30	110	1
30	112	1
30	113	1
30	114	1
30	116	1
30	117	1
30	118	1
30	119	1
30	120	1
30	121	1
30	122	1
30	123	1
30	124	2
30	125	1
30	126	1
30	127	1
30	128	1
30	132	1
30	133	2
30	134	2
30	135	2
30	136	1
30	143	1
30	144	1
30	145	1
30	146	1
30	151	1
30	159	1
30	160	1
30	161	1
30	162	1
31	33	13
31	36	8
31	38	4
31	40	1
31	43	1
31	99	1
31	100	1
31	102	2
31	103	1
31	104	1
31	111	1
31	114	1
31	116	1
31	117	1
31	118	1
31	119	1
31	120	1
31	121	2
31	122	2
31	123	2
31	124	2
31	125	1
31	126	1
31	127	1
31	128	1
31	129	1
31	130	1
31	131	1
31	133	1
31	134	2
31	135	2
31	136	2
31	137	1
31	138	1
31	144	1
31	145	1
31	146	2
31	147	1
31	148	1
31	152	1
31	160	1
31	161	1
31	162	1
32	35	14
32	36	11
32	38	2
32	39	2
32	41	1
32	42	1
32	99	1
32	100	1
32	102	1
32	103	1
32	104	1
32	105	1
32	112	1
32	115	1
32	116	1
32	118	1
32	119	1
32	120	1
32	121	1
32	122	2
32	123	2
32	124	4
32	125	2
32	126	2
32	127	1
32	128	2
32	129	1
32	130	1
32	131	1
32	132	1
32	133	1
32	134	1
32	135	1
32	136	2
32	137	1
32	138	1
32	144	1
32	145	1
32	146	1
32	147	2
32	148	1
32	153	1
32	161	1
32	162	2
32	163	1
33	35	15
33	36	15
33	100	1
33	101	1
33	103	1
33	105	1
33	112	1
33	115	1
33	116	1
33	117	1
33	118	1
33	119	1
33	120	1
33	121	1
33	122	1
33	123	2
33	124	2
33	125	2
33	126	1
33	127	2
33	128	2
33	129	1
33	130	1
33	131	1
33	132	1
33	133	1
33	134	1
33	135	1
33	136	2
33	137	1
33	138	1
33	139	1
33	145	1
33	146	1
33	147	1
33	148	2
33	149	1
33	154	1
33	162	1
33	163	1
33	164	1
34	37	15
34	38	6
34	40	1
34	42	1
34	44	2
34	103	1
34	104	2
34	106	1
34	113	1
34	118	1
34	119	1
34	121	1
34	122	1
34	123	1
34	124	3
34	125	2
34	126	1
34	127	2
34	128	2
34	129	2
34	130	1
34	131	2
34	132	2
34	133	2
34	134	1
34	135	1
34	137	1
34	138	2
34	139	1
34	140	2
34	141	1
34	142	1
34	147	1
34	148	2
34	149	2
34	150	1
34	151	1
34	155	1
34	163	1
34	164	1
34	165	1
35	37	8
35	49	1
35	104	2
35	117	1
35	119	1
35	120	1
35	123	1
35	124	1
35	125	2
35	126	2
35	127	1
35	128	2
35	129	3
35	130	2
35	131	2
35	132	2
35	133	1
35	134	2
35	135	2
35	136	1
35	137	1
35	138	1
35	139	2
35	140	1
35	141	1
35	142	1
35	147	1
35	148	1
35	149	1
35	150	1
35	151	2
35	152	1
35	155	1
35	164	1
35	165	1
36	38	15
36	39	10
36	42	4
36	45	1
36	105	1
36	107	1
36	114	1
36	124	1
36	125	2
36	126	2
36	127	1
36	128	1
36	129	3
36	130	2
36	131	2
36	132	2
36	133	2
36	134	2
36	135	1
36	136	2
36	137	1
36	139	2
36	140	1
36	141	2
36	142	2
36	143	1
36	148	1
36	149	1
36	150	1
36	151	1
36	152	1
36	156	1
36	165	1
36	166	1
37	39	15
37	40	15
37	41	8
37	42	1
37	45	3
37	46	1
37	49	1
37	105	1
37	106	1
37	108	1
37	125	1
37	126	1
37	127	1
37	128	1
37	129	2
37	130	2
37	131	2
37	132	2
37	133	2
37	134	2
37	135	2
37	136	2
37	137	2
37	138	2
37	141	1
37	142	2
37	143	2
37	144	1
37	149	1
37	150	1
37	151	1
37	152	1
37	153	1
37	154	1
37	157	1
37	166	1
37	167	1
38	42	9
38	44	1
38	45	2
38	103	1
38	106	1
38	125	2
38	126	1
38	127	1
38	129	1
38	130	2
38	131	2
38	132	1
38	133	2
38	134	2
38	135	2
38	136	2
38	137	3
38	138	2
38	139	1
38	140	1
38	141	1
38	142	1
38	143	1
38	144	2
38	145	1
38	146	1
38	150	1
38	151	1
38	152	1
38	153	1
38	154	1
38	155	1
38	158	1
38	168	1
39	40	15
39	42	2
39	44	1
39	49	1
39	104	1
39	106	1
39	107	2
39	108	1
39	125	1
39	126	1
39	127	1
39	130	1
39	131	2
39	132	1
39	133	1
39	134	1
39	135	2
39	136	2
39	137	2
39	138	2
39	139	2
39	140	2
39	141	1
39	142	1
39	143	1
39	144	2
39	145	1
39	146	1
39	150	1
39	151	1
39	152	1
39	153	1
39	154	2
39	155	1
39	159	1
39	165	1
39	169	1
40	43	15
40	45	15
40	49	2
40	53	1
40	107	1
40	108	1
40	110	1
40	125	1
40	126	1
40	127	1
40	130	1
40	131	1
40	132	1
40	133	1
40	134	2
40	135	1
40	136	2
40	137	2
40	138	2
40	139	2
40	140	2
40	141	2
40	144	2
40	145	2
40	146	1
40	147	1
40	151	1
40	152	1
40	153	1
40	154	2
40	155	2
40	156	1
40	160	1
40	166	1
40	167	1
40	169	1
41	43	15
41	44	8
41	46	4
41	48	4
41	49	1
41	52	2
41	105	1
41	108	2
41	109	1
41	110	1
41	111	1
41	127	1
41	131	1
41	132	1
41	133	1
41	134	1
41	135	1
41	136	2
41	137	2
41	138	1
41	139	2
41	140	2
41	141	2
41	142	2
41	144	1
41	145	2
41	146	2
41	147	2
41	148	1
41	149	1
41	150	1
41	151	1
41	152	1
41	153	2
41	154	1
41	155	2
41	156	1
41	157	1
41	160	1
41	166	1
41	167	1
41	169	1
41	170	1
42	45	11
42	46	7
42	47	12
42	50	4
42	51	2
42	56	1
42	109	2
42	110	1
42	112	1
42	129	1
42	132	1
42	133	1
42	134	1
42	135	1
42	137	3
42	138	2
42	139	1
42	140	1
42	141	3
42	142	3
42	143	1
42	146	2
42	147	2
42	148	2
42	149	2
42	150	1
42	152	1
42	153	2
42	154	1
42	155	2
42	156	2
42	157	1
42	161	1
42	167	1
42	168	1
42	170	1
42	171	1
43	47	15
43	49	5
43	50	1
43	51	2
43	52	1
43	109	1
43	110	1
43	135	1
43	137	1
43	138	1
43	139	1
43	140	2
43	141	2
43	142	2
43	143	2
43	144	1
43	147	1
43	148	2
43	149	2
43	150	2
43	151	1
43	153	2
43	154	2
43	155	2
43	156	2
43	157	2
43	158	2
43	170	1
43	171	1
43	172	1
44	48	7
44	50	2
44	51	2
44	52	1
44	54	1
44	55	1
44	56	1
44	110	1
44	113	1
44	130	1
44	133	1
44	134	1
44	137	1
44	140	1
44	141	1
44	142	2
44	143	2
44	144	2
44	145	1
44	149	1
44	150	2
44	151	2
44	152	1
44	153	1
44	154	2
44	155	2
44	156	1
44	157	3
44	158	2
44	159	2
44	162	1
44	163	1
44	164	1
44	171	1
44	172	1
45	48	1
45	50	4
45	52	3
45	111	1
45	131	1
45	134	1
45	135	1
45	136	1
45	139	1
45	140	1
45	141	1
45	142	1
45	143	2
45	144	1
45	145	1
45	146	1
45	150	1
45	151	2
45	152	1
45	153	1
45	154	2
45	155	2
45	156	2
45	157	1
45	158	2
45	159	2
45	160	2
45	163	1
45	164	1
45	173	1
46	48	15
46	51	5
46	58	1
46	111	1
46	112	1
46	121	1
46	134	1
46	135	2
46	136	1
46	137	1
46	138	1
46	139	1
46	140	1
46	141	1
46	142	1
46	143	1
46	144	1
46	145	1
46	146	1
46	150	1
46	152	1
46	153	1
46	154	2
46	155	2
46	156	2
46	157	1
46	158	2
46	159	2
46	160	2
46	161	1
46	163	1
46	164	2
46	165	1
46	167	1
46	169	1
46	170	1
46	172	1
46	174	1
47	49	7
47	50	15
47	51	4
47	53	1
47	56	1
47	112	1
47	115	1
47	122	1
47	136	1
47	138	1
47	140	1
47	141	2
47	142	2
47	143	1
47	144	1
47	145	1
47	146	1
47	147	1
47	155	1
47	156	2
47	157	2
47	158	2
47	159	3
47	160	3
47	161	2
47	164	2
47	165	2
47	166	1
47	167	1
47	168	1
47	169	1
47	171	1
47	173	1
47	174	1
47	175	1
48	50	9
48	52	6
48	54	2
48	57	1
48	58	1
48	113	1
48	114	1
48	123	1
48	126	1
48	139	1
48	140	1
48	142	1
48	143	1
48	144	1
48	145	1
48	146	1
48	147	1
48	148	1
48	151	1
48	156	1
48	157	1
48	158	1
48	159	1
48	160	3
48	161	3
48	162	2
48	164	1
48	165	2
48	166	1
48	167	1
48	168	1
48	169	1
48	170	1
49	51	14
49	53	1
49	57	2
49	58	2
49	114	1
49	124	1
49	131	1
49	137	1
49	140	1
49	142	1
49	143	1
49	144	1
49	145	1
49	146	1
49	147	1
49	148	1
49	149	1
49	150	1
49	151	1
49	152	1
49	157	1
49	158	1
49	160	1
49	161	2
49	162	2
49	163	1
49	165	1
49	166	2
49	167	1
49	168	1
49	169	1
49	170	1
49	171	1
49	172	1
49	174	1
49	175	1
50	52	15
50	53	15
50	56	4
50	57	3
50	58	2
50	125	1
50	126	1
50	133	1
50	142	1
50	143	1
50	144	1
50	145	1
50	146	1
50	147	1
50	148	1
50	149	1
50	150	1
50	151	1
50	152	1
50	157	1
50	158	1
50	159	1
50	161	2
50	162	1
50	163	1
50	165	1
50	166	2
50	167	1
50	168	1
50	169	1
50	170	1
50	171	1
50	172	1
50	173	1
50	174	1
50	176	1
51	54	15
51	55	1
51	58	2
51	61	1
51	115	1
51	118	1
51	125	1
51	126	1
51	133	1
51	134	1
51	143	1
51	144	1
51	145	1
51	146	1
51	147	1
51	148	1
51	149	1
51	150	1
51	151	1
51	152	1
51	153	1
51	158	1
51	159	1
51	160	1
51	161	1
51	162	2
51	163	1
51	167	2
51	168	1
51	169	1
51	170	1
51	171	2
51	172	1
51	173	1
51	174	1
51	175	1
51	176	1
52	55	2
52	56	1
52	57	3
52	116	1
52	126	1
52	127	1
52	128	1
52	135	1
52	143	1
52	144	1
52	145	1
52	146	1
52	147	1
52	150	1
52	151	1
52	152	2
52	153	1
52	154	1
52	155	1
52	159	1
52	160	1
52	161	1
52	162	1
52	163	2
52	164	1
52	168	1
52	170	1
52	171	1
52	172	1
52	173	1
52	174	1
52	175	1
52	176	1
52	177	1
53	55	2
53	56	1
53	58	3
53	60	2
53	117	1
53	127	1
53	128	1
53	134	1
53	135	1
53	136	1
53	144	1
53	145	1
53	146	1
53	147	1
53	148	1
53	149	1
53	152	1
53	153	1
53	154	1
53	155	1
53	156	1
53	159	1
53	160	1
53	163	2
53	164	1
53	165	1
53	168	1
53	169	1
53	171	1
53	172	1
53	173	1
53	174	1
53	175	2
53	176	1
53	177	1
54	57	15
54	58	3
54	60	2
54	118	1
54	127	1
54	128	2
54	129	1
54	138	1
54	139	1
54	145	1
54	146	1
54	148	1
54	149	1
54	151	1
54	153	1
54	154	1
54	155	1
54	156	1
54	157	1
54	160	1
54	161	1
54	164	1
54	165	2
54	166	1
54	169	1
54	170	1
54	173	1
54	174	1
54	175	1
54	176	2
54	177	1
54	178	1
54	179	1
55	57	5
55	58	3
55	60	6
55	119	1
55	129	1
55	130	1
55	139	1
55	140	1
55	141	1
55	150	1
55	151	1
55	152	1
55	153	1
55	155	1
55	156	1
55	157	1
55	158	1
55	160	1
55	161	1
55	162	1
55	164	1
55	165	2
55	166	1
55	169	1
55	170	1
55	174	1
55	175	1
55	176	1
55	177	1
55	178	1
55	179	1
56	58	3
56	61	4
56	64	1
56	70	1
56	128	1
56	129	1
56	130	1
56	131	1
56	136	1
56	143	1
56	152	1
56	153	1
56	154	1
56	155	1
56	156	1
56	157	1
56	159	1
56	161	1
56	162	1
56	165	2
56	166	2
56	167	1
56	170	1
56	176	1
56	177	1
56	178	1
56	179	1
57	59	15
57	61	2
57	63	2
57	64	4
57	65	2
57	68	1
57	128	1
57	131	1
57	132	1
57	142	1
57	145	1
57	146	1
57	153	1
57	154	1
57	155	1
57	156	1
57	157	1
57	160	1
57	161	1
57	162	1
57	163	1
57	165	1
57	166	2
57	167	1
57	170	1
57	171	1
57	177	1
57	178	1
57	179	1
58	61	15
58	62	2
58	63	5
58	67	1
58	68	1
58	128	1
58	131	1
58	132	1
58	133	1
58	134	1
58	137	1
58	145	1
58	146	1
58	147	1
58	153	1
58	154	1
58	156	1
58	157	1
58	158	1
58	162	1
58	163	1
58	164	1
58	166	2
58	167	2
58	168	1
58	171	1
58	178	1
58	179	1
59	61	8
59	66	1
59	67	1
59	128	1
59	133	1
59	134	1
59	138	1
59	139	1
59	147	1
59	154	1
59	155	1
59	156	1
59	157	1
59	158	1
59	159	1
59	162	1
59	163	1
59	164	1
59	166	1
59	167	2
59	168	2
59	169	1
59	172	1
60	62	7
60	63	2
60	66	2
60	70	1
60	72	1
60	133	1
60	134	1
60	135	1
60	136	1
60	138	1
60	139	1
60	147	1
60	154	1
60	155	1
60	157	1
60	158	1
60	159	1
60	160	1
60	161	1
60	162	1
60	163	1
60	164	1
60	167	1
60	168	2
60	169	1
60	172	1
60	178	1
60	179	1
61	64	13
61	65	4
61	66	1
61	134	1
61	135	1
61	136	1
61	137	1
61	138	1
61	147	1
61	154	1
61	159	1
61	160	1
61	163	1
61	164	1
61	165	1
61	167	1
61	168	2
61	169	2
61	170	1
61	173	1
61	179	1
62	64	5
62	67	2
62	68	1
62	70	1
62	129	1
62	136	1
62	137	1
62	138	1
62	139	1
62	140	1
62	141	1
62	156	1
62	157	1
62	158	1
62	159	1
62	160	1
62	162	1
62	164	1
62	165	1
62	166	1
62	168	1
62	169	2
62	170	1
62	173	1
63	66	4
63	67	1
63	69	2
63	75	1
63	129	1
63	134	1
63	135	1
63	137	1
63	138	1
63	139	1
63	140	1
63	141	1
63	142	1
63	160	1
63	161	1
63	162	1
63	163	1
63	164	1
63	165	1
63	166	1
63	167	1
63	168	1
63	169	2
63	170	2
63	171	1
63	173	1
63	174	1
63	175	1
64	66	14
64	67	6
64	70	3
64	71	1
64	73	1
64	74	1
64	128	1
64	129	1
64	130	1
64	132	1
64	133	1
64	134	1
64	138	1
64	139	1
64	140	1
64	141	1
64	142	1
64	143	1
64	154	1
64	155	1
64	157	1
64	160	1
64	161	1
64	165	1
64	166	1
64	167	1
64	168	1
64	169	1
64	170	2
64	171	2
64	174	1
64	177	1
65	68	4
65	69	5
65	70	8
65	78	1
65	79	1
65	129	1
65	130	1
65	134	1
65	138	1
65	139	1
65	140	1
65	141	1
65	142	2
65	143	1
65	144	1
65	158	1
65	160	1
65	161	1
65	163	1
65	165	1
65	166	1
65	167	1
65	168	1
65	169	1
65	170	2
65	171	2
65	172	1
65	174	1
65	175	1
65	179	1
66	68	5
66	69	15
66	72	2
66	73	1
66	74	1
66	75	1
66	78	1
66	79	1
66	131	1
66	135	1
66	138	1
66	141	1
66	142	1
66	143	1
66	144	1
66	155	1
66	161	1
66	162	1
66	163	1
66	166	1
66	167	1
66	168	1
66	169	1
66	170	1
66	171	2
66	172	2
66	173	1
66	175	1
66	176	1
66	178	1
67	69	4
67	71	10
67	77	1
67	134	1
67	137	1
67	141	1
67	142	1
67	143	1
67	144	1
67	145	1
67	146	1
67	158	1
67	161	1
67	162	1
67	163	1
67	166	1
67	167	1
67	168	1
67	170	1
67	171	1
67	172	2
67	173	1
67	176	2
67	178	1
67	179	1
68	70	1
68	71	1
68	72	4
68	73	2
68	74	2
68	75	1
68	76	1
68	134	1
68	135	1
68	136	1
68	138	1
68	139	1
68	141	1
68	142	1
68	143	1
68	144	1
68	145	1
68	146	1
68	147	1
68	148	1
68	155	1
68	161	1
68	162	1
68	163	1
68	165	1
68	166	1
68	167	1
68	168	1
68	169	1
68	170	1
68	171	1
68	172	2
68	173	2
68	174	1
68	176	1
68	177	1
68	178	1
68	179	1
69	71	15
69	73	4
69	75	3
69	79	1
69	136	1
69	138	1
69	139	1
69	141	1
69	142	1
69	144	1
69	145	1
69	146	1
69	147	1
69	148	1
69	161	1
69	163	1
69	164	1
69	167	1
69	168	1
69	169	1
69	170	1
69	171	1
69	172	2
69	173	2
69	174	2
69	176	1
69	177	2
69	178	1
69	179	1
70	72	5
70	78	1
70	139	1
70	140	1
70	142	1
70	143	1
70	144	1
70	145	1
70	146	1
70	147	1
70	148	1
70	149	1
70	150	1
70	168	1
70	169	1
70	170	1
70	171	1
70	172	1
70	173	2
70	174	2
70	175	1
70	177	1
70	178	1
70	179	1
71	73	2
71	74	15
71	78	2
71	79	1
71	139	1
71	140	1
71	142	1
71	143	1
71	146	1
71	147	1
71	148	1
71	149	1
71	151	1
71	152	1
71	168	1
71	169	1
71	170	1
71	173	1
71	174	1
71	175	1
71	178	1
72	77	5
72	78	1
72	83	1
72	140	1
72	141	1
72	142	1
72	143	1
72	144	1
72	146	1
72	147	1
72	148	1
72	149	1
72	153	1
72	154	1
72	162	1
72	168	1
72	169	1
72	170	1
72	171	1
72	172	1
72	173	1
72	174	2
72	175	1
72	176	1
72	178	1
72	179	1
73	76	5
73	77	3
73	80	1
73	83	1
73	140	1
73	141	1
73	142	1
73	143	1
73	144	1
73	145	1
73	146	1
73	148	1
73	149	1
73	150	1
73	154	1
73	155	1
73	156	1
73	169	1
73	170	1
73	171	1
73	172	1
73	173	1
73	174	1
73	175	2
73	176	1
73	177	1
73	178	1
73	179	1
74	78	11
74	79	15
74	84	1
74	141	1
74	143	1
74	144	1
74	145	1
74	146	1
74	147	1
74	148	1
74	149	1
74	150	1
74	156	1
74	157	1
74	170	1
74	171	1
74	173	1
74	174	1
74	175	1
74	176	1
74	177	1
74	179	1
75	78	12
75	83	1
75	142	1
75	143	1
75	144	1
75	145	1
75	147	1
75	148	1
75	149	1
75	150	1
75	157	1
75	158	1
75	159	1
75	160	1
75	170	1
75	171	1
75	172	1
75	173	1
75	174	1
75	175	1
75	176	2
75	177	1
76	78	12
76	81	6
76	82	1
76	85	1
76	142	1
76	145	1
76	146	1
76	147	1
76	148	1
76	149	1
76	155	1
76	159	1
76	161	1
76	170	1
76	171	1
76	172	1
76	173	1
76	174	1
76	175	1
76	176	1
76	177	1
76	178	1
77	79	3
77	80	7
77	81	10
77	83	1
77	84	2
77	86	1
77	87	1
77	144	1
77	145	1
77	146	1
77	147	1
77	148	1
77	149	1
77	156	1
77	157	1
77	161	1
77	162	1
77	163	1
77	164	1
77	171	1
77	172	1
77	173	1
77	174	1
77	175	1
77	176	1
77	177	1
77	178	2
78	80	15
78	81	15
78	83	1
78	85	1
78	145	1
78	146	1
78	147	1
78	149	1
78	151	1
78	157	1
78	158	1
78	162	1
78	163	1
78	164	1
78	165	1
78	172	1
78	173	1
78	174	1
78	175	1
78	176	1
78	177	2
78	178	1
78	179	1
79	82	15
79	83	3
79	85	1
79	89	1
79	91	1
79	145	1
79	146	1
79	147	1
79	148	1
79	149	1
79	150	1
79	157	1
79	158	1
79	165	1
79	166	1
79	173	1
79	174	1
79	175	1
79	176	1
79	177	1
79	178	2
79	179	1
80	82	3
80	86	1
80	91	1
80	145	1
80	146	1
80	147	1
80	149	1
80	152	1
80	157	1
80	158	1
80	159	1
80	161	1
80	166	1
80	167	1
80	168	1
80	169	1
80	174	1
80	175	1
80	176	1
80	177	1
80	178	2
80	179	2
81	83	8
81	84	1
81	87	3
81	91	1
81	147	1
81	148	1
81	149	1
81	150	1
81	161	1
81	168	1
81	169	1
81	170	1
81	176	1
81	177	1
81	178	1
81	179	2
82	84	8
82	85	11
82	86	6
82	90	1
82	147	1
82	148	1
82	149	1
82	150	1
82	163	1
82	170	1
82	173	1
82	174	1
82	178	1
82	179	2
83	87	8
83	90	1
83	91	1
83	94	1
83	148	1
83	149	1
83	150	1
83	164	1
83	171	1
83	174	1
83	175	1
83	179	1
84	86	1
84	89	1
84	91	1
84	94	1
84	148	1
84	149	1
84	150	1
84	151	1
84	174	1
84	175	1
84	176	1
84	177	1
84	178	1
84	179	1
85	88	15
85	90	14
85	93	2
85	149	1
85	150	1
85	151	1
85	176	2
85	177	1
85	178	1
85	179	1
86	88	15
86	89	3
86	91	2
86	92	2
86	96	1
86	146	1
86	147	1
86	149	1
86	150	1
86	151	1
86	152	1
86	162	1
86	176	1
86	177	1
86	178	1
86	179	1
87	90	5
87	91	14
87	97	1
87	99	1
87	100	1
87	146	1
87	149	1
87	150	1
87	151	1
87	152	1
87	162	1
87	179	1
88	92	15
88	95	3
88	96	2
88	97	1
88	148	1
88	150	1
88	163	1
88	179	1
89	93	8
89	95	1
89	96	2
89	97	1
89	148	1
89	149	1
89	150	1
89	151	1
89	162	1
89	163	1
89	165	1
89	167	1
90	93	3
90	95	2
90	97	2
90	103	1
90	148	1
90	149	1
90	151	1
90	162	1
90	166	1
91	93	6
91	94	1
91	96	1
91	101	1
91	148	1
91	149	1
91	151	1
91	152	1
91	163	1
91	164	1
91	167	1
91	168	1
91	170	1
91	178	1
92	94	4
92	95	15
92	96	2
92	102	1
92	149	1
92	151	1
92	152	1
92	165	1
92	169	1
93	95	5
93	97	4
93	99	1
93	103	1
93	150	1
93	151	1
93	152	1
93	153	1
93	167	1
93	168	1
93	169	1
93	171	1
94	96	5
94	100	1
94	102	2
94	103	2
94	150	1
94	153	1
94	167	1
94	169	1
94	170	1
94	171	1
94	172	1
94	173	1
94	174	1
95	97	10
95	98	15
95	101	3
95	102	3
95	103	1
95	152	1
95	168	1
95	169	1
95	170	1
95	171	1
95	173	1
95	174	1
95	176	1
96	99	15
96	106	1
96	107	1
96	157	1
96	169	1
96	170	1
96	171	1
96	172	1
96	173	1
96	174	1
96	177	1
97	101	5
97	104	1
97	171	1
97	172	1
97	173	1
97	174	1
97	176	1
97	177	1
97	179	1
98	100	3
98	101	8
98	104	1
98	106	1
98	146	1
98	171	1
98	173	1
98	174	1
98	176	1
98	177	1
99	102	15
99	103	4
99	105	3
99	150	1
99	173	1
99	174	1
99	175	1
99	176	1
100	102	10
100	104	6
100	107	3
100	147	1
100	148	1
100	150	1
100	151	1
100	172	1
100	173	1
100	174	1
100	175	1
100	177	1
100	178	1
101	103	10
101	106	7
101	109	1
101	115	1
101	148	1
101	150	1
101	151	1
101	152	1
101	173	1
101	174	1
101	175	1
101	176	1
101	177	1
102	104	1
102	105	15
102	108	1
102	109	1
102	149	1
102	151	1
102	152	1
102	153	1
102	174	1
102	175	1
102	176	1
102	177	1
102	179	1
103	106	15
103	149	1
103	150	1
103	151	1
103	152	1
103	153	1
103	154	1
103	175	1
103	176	1
103	177	1
104	107	1
104	109	1
104	111	1
104	113	1
104	150	1
104	151	1
104	152	1
104	153	2
104	154	1
104	155	1
104	175	1
104	176	1
104	177	1
105	107	2
105	110	5
105	113	2
105	150	1
105	151	1
105	152	1
105	153	1
105	154	1
105	155	1
105	156	1
105	157	1
105	176	1
105	177	1
105	178	1
106	109	15
106	110	7
106	113	1
106	151	1
106	152	1
106	153	1
106	154	1
106	155	1
106	156	1
106	157	1
106	158	1
106	159	1
106	176	1
106	178	1
107	109	4
107	112	1
107	113	3
107	116	1
107	152	1
107	153	2
107	154	2
107	155	1
107	156	1
107	158	1
107	178	1
107	179	1
108	111	3
108	112	3
108	113	5
108	115	1
108	118	1
108	152	1
108	153	1
108	154	2
108	155	1
108	156	1
108	157	1
108	159	1
108	179	1
109	111	15
109	112	1
109	113	6
109	115	2
109	121	1
109	153	1
109	154	2
109	155	2
109	156	1
109	157	1
109	158	1
109	159	1
110	112	11
110	114	4
110	118	1
110	153	1
110	154	2
110	155	2
110	156	2
110	157	1
110	158	1
110	159	1
110	160	1
111	114	15
111	115	12
111	116	6
111	117	4
111	119	2
111	153	1
111	154	1
111	155	2
111	156	2
111	157	1
111	158	1
111	159	1
111	160	1
111	161	1
111	162	1
111	163	1
112	114	13
112	115	2
112	118	5
112	122	1
112	124	1
112	127	1
112	154	1
112	155	3
112	156	3
112	157	1
112	158	1
112	159	1
112	161	1
112	163	1
112	164	1
113	116	10
113	117	1
113	118	2
113	121	1
113	122	1
113	124	1
113	125	1
113	155	4
113	156	3
113	157	3
113	158	2
113	159	1
113	160	1
113	161	1
113	165	1
113	166	1
113	179	1
114	116	9
114	117	7
114	118	1
114	121	2
114	156	5
114	157	3
114	158	3
114	159	3
114	160	2
114	161	1
114	162	1
114	163	1
114	164	1
114	165	1
114	166	1
114	167	1
114	168	1
114	169	1
114	170	1
115	119	4
115	120	3
115	122	1
115	123	1
115	125	1
115	157	4
115	158	4
115	159	3
115	160	2
115	161	2
115	162	2
115	163	1
115	164	1
115	165	1
115	166	1
115	167	1
115	168	1
115	169	1
115	170	1
115	171	1
115	172	1
115	174	1
116	119	11
116	121	3
116	122	1
116	123	1
116	124	2
116	125	1
116	158	1
116	159	2
116	160	2
116	161	2
116	162	2
116	163	2
116	164	2
116	165	1
116	166	1
116	167	1
116	171	1
116	172	1
116	174	1
116	175	1
117	120	5
117	121	1
117	122	5
117	159	1
117	160	1
117	161	1
117	162	1
117	163	2
117	164	2
117	165	2
117	166	2
117	167	1
117	168	1
117	175	1
117	176	1
117	177	1
118	120	2
118	121	7
118	125	1
118	161	1
118	162	1
118	163	1
118	164	1
118	165	1
118	166	2
118	167	1
118	168	1
118	169	1
118	170	1
118	171	1
118	175	1
118	176	1
118	177	1
118	178	1
119	121	2
119	122	3
119	124	9
119	162	1
119	163	1
119	167	1
119	168	1
119	169	1
119	170	1
119	171	1
119	172	1
119	177	1
119	178	1
119	179	1
120	122	3
120	123	15
120	127	2
120	128	2
120	130	1
120	132	1
120	163	1
120	164	1
120	165	1
120	169	1
120	170	1
120	171	1
120	172	1
120	173	1
120	174	1
120	175	1
120	176	1
120	178	1
120	179	1
121	124	2
121	126	7
121	127	3
121	128	2
121	136	1
121	164	1
121	165	1
121	166	1
121	167	1
121	170	1
121	171	1
121	172	1
121	174	1
121	176	1
121	177	1
121	178	1
121	179	2
122	126	8
122	127	2
122	130	1
122	131	1
122	132	1
122	166	1
122	172	1
122	173	1
122	178	1
122	179	1
123	125	8
123	126	15
123	128	2
123	130	5
123	131	3
123	132	3
123	170	1
123	179	1
124	127	12
124	128	5
124	130	4
124	131	1
124	136	1
124	172	1
125	127	4
125	134	1
125	136	2
125	174	1
126	129	15
126	132	2
126	134	2
126	136	2
126	138	1
126	177	1
127	130	15
127	131	2
127	134	1
127	138	1
127	179	1
128	130	15
128	132	7
128	135	4
128	136	2
128	137	1
128	138	1
128	139	1
129	131	14
129	133	5
129	134	5
129	136	3
129	137	3
129	138	1
130	132	15
130	133	15
130	135	5
130	136	3
130	137	4
130	138	1
131	133	10
131	137	5
131	140	1
131	141	1
132	134	15
132	135	3
132	136	11
132	140	2
132	142	1
132	143	1
133	137	15
133	138	9
133	139	2
133	141	1
133	142	1
133	143	1
134	138	15
134	139	4
134	141	1
134	142	1
135	138	9
135	140	15
135	142	4
135	143	2
136	139	11
136	141	3
136	145	1
136	146	1
137	139	15
137	140	15
138	142	10
138	144	3
138	148	1
139	141	1
139	143	8
139	148	1
139	161	1
140	143	15
140	146	1
140	147	1
140	149	1
141	143	15
141	144	3
141	148	1
142	144	12
142	146	7
142	147	3
142	148	2
142	149	1
142	150	2
143	145	6
143	146	15
143	150	1
144	147	15
144	148	15
144	149	7
145	147	15
145	148	8
145	150	3
145	153	1
145	160	1
146	148	2
146	150	12
146	151	5
146	152	2
146	154	1
146	157	1
146	158	1
146	159	1
147	149	15
147	150	9
147	151	15
148	151	1
148	153	4
148	158	1
149	154	1
149	157	1
149	161	1
149	170	1
150	152	8
150	153	3
150	160	1
150	161	1
150	170	1
151	153	4
151	154	15
151	155	1
151	159	4
151	161	1
152	156	5
152	157	5
152	158	7
153	155	3
153	156	4
153	157	4
153	159	3
154	156	15
154	157	4
154	161	9
154	164	1
154	166	1
155	159	5
155	160	14
155	163	1
155	165	1
156	158	13
156	159	15
156	160	7
156	164	1
156	169	1
156	170	1
156	174	1
157	160	4
157	163	5
157	165	1
157	167	1
157	168	1
157	169	1
158	161	6
158	162	3
158	163	3
158	166	1
158	167	1
158	170	1
159	161	15
159	162	8
159	166	2
160	164	10
160	165	6
161	163	3
161	164	15
161	166	2
161	168	2
161	169	1
162	165	1
162	167	4
163	165	3
163	166	4
163	168	1
163	170	1
163	174	1
164	166	8
164	167	15
164	169	7
165	168	15
165	173	1
165	175	1
166	168	1
166	171	4
166	172	2
166	173	1
166	174	1
166	177	1
167	169	8
167	171	5
167	172	3
167	174	1
167	175	1
167	176	2
167	177	1
167	179	1
168	170	10
168	171	15
168	173	3
168	175	4
168	176	3
168	177	1
169	172	11
169	173	5
169	175	4
170	172	5
171	174	15
171	177	1
171	179	1
172	175	15
173	175	15
173	177	6
174	176	11
174	178	5
174	179	4
175	177	6
175	178	15
176	178	8
177	179	12
